name: isoseq_proc
channels:
  - conda-forge
  - bioconda
  - defaults
dependencies:
  - _libgcc_mutex=0.1=main
  - asn1crypto=1.2.0=py36_0
  - bcbiogff=0.6.6=py_1
  - bcftools=1.8=h4da6232_3
  - bcrypt=3.1.7=py36h7b6447c_0
  - bedtools=2.29.2=hc088bd4_0
  - biopython=1.76=py36h516909a_0
  - blas=1.0=mkl
  - blast=2.9.0=h20b68b9_1
  - boost=1.68.0=py36h8619c78_1001
  - boost-cpp=1.68.0=h11c811c_1000
  - bzip2=1.0.8=h7b6447c_0
  - ca-certificates=2020.4.5.1=hecc5488_0
  - certifi=2020.4.5.1=py36h9f0ad1d_0
  - cffi=1.13.2=py36h2e261b9_0
  - chardet=3.0.4=py36_1003
  - cryptography=2.8=py36h1ba5d50_0
  - curl=7.67.0=hbc83047_0
  - cython=0.29.14=py36he1b5a44_0
  - docutils=0.15.2=py36_0
  - dropbox=9.4.0=py36_0
  - filechunkio=1.6=py36_0
  - ftputil=3.2=py36_0
  - gffread=0.11.6=h8b12597_0
  - gmap=2019.09.12=pl526h2f06484_0
  - gmp=6.2.0=he1b5a44_2
  - gnutls=3.6.5=hd3a4fd2_1002
  - htslib=1.9=h4da6232_3
  - icu=58.2=hf484d3e_1000
  - idna=2.8=py36_0
  - intel-openmp=2019.4=243
  - krb5=1.16.4=h173b8e3_0
  - libcurl=7.67.0=h20c2e04_0
  - libdeflate=1.2=h516909a_1
  - libedit=3.1.20181209=hc058e9b_0
  - libffi=3.2.1=hd88cf55_4
  - libgcc=7.2.0=h69d50b8_2
  - libgcc-ng=9.1.0=hdf63c60_0
  - libgfortran-ng=7.3.0=hdf63c60_0
  - libpng=1.6.37=hed695b0_1
  - libsodium=1.0.16=h1bed415_0
  - libssh2=1.8.2=h1ba5d50_0
  - libstdcxx-ng=9.1.0=hdf63c60_0
  - libuuid=2.32.1=h14c3975_1000
  - minimap2=2.17=h8b12597_1
  - mkl=2019.4=243
  - mkl-service=2.3.0=py36he904b0f_0
  - mkl_fft=1.0.15=py36ha843d7b_0
  - mkl_random=1.1.0=py36hd6b4f25_0
  - mysql-connector-c=6.1.11=h876a3cc_1006
  - ncurses=6.1=he6710b0_1
  - nettle=3.4.1=h1bed415_1002
  - numpy-base=1.17.4=py36hde5b4d6_0
  - openssl=1.1.1g=h516909a_0
  - pandas=0.25.3=py36he6710b0_0
  - paramiko=2.6.0=py36_0
  - pcre=8.44=he1b5a44_0
  - perl=5.26.2=h14c3975_0
  - perl-archive-tar=2.32=pl526_0
  - perl-carp=1.38=pl526_3
  - perl-common-sense=3.74=pl526_2
  - perl-compress-raw-bzip2=2.087=pl526he1b5a44_0
  - perl-compress-raw-zlib=2.087=pl526hc9558a2_0
  - perl-exporter=5.72=pl526_1
  - perl-exporter-tiny=1.002001=pl526_0
  - perl-extutils-makemaker=7.36=pl526_1
  - perl-io-compress=2.087=pl526he1b5a44_0
  - perl-io-zlib=1.10=pl526_2
  - perl-json=4.02=pl526_0
  - perl-json-xs=2.34=pl526h6bb024c_3
  - perl-list-moreutils=0.428=pl526_1
  - perl-list-moreutils-xs=0.428=pl526_0
  - perl-pathtools=3.75=pl526h14c3975_1
  - perl-scalar-list-utils=1.52=pl526h516909a_0
  - perl-types-serialiser=1.0=pl526_2
  - perl-xsloader=0.24=pl526_0
  - pip=19.3.1=py36_0
  - psutil=5.6.7=py36h516909a_0
  - pycparser=2.19=py36_0
  - pynacl=1.3.0=py36h7b6447c_0
  - pyopenssl=19.1.0=py36_0
  - pysam=0.11.2.2=py36_1
  - pysftp=0.2.9=py36_0
  - pysocks=1.7.1=py36_0
  - python=3.6.9=h265db76_0
  - python-dateutil=2.8.1=py_0
  - python_abi=3.6=1_cp36m
  - pytz=2019.3=py_0
  - pyyaml=5.2=py36h7b6447c_0
  - readline=7.0=h7b6447c_5
  - requests=2.22.0=py36_1
  - samtools=1.9=h10a08f8_12
  - setuptools=42.0.2=py36_0
  - six=1.13.0=py36_0
  - snakemake=3.13.3=py36_0
  - sqlite=3.30.1=h7b6447c_0
  - tk=8.6.8=hbc83047_0
  - ucsc-bedtogenepred=377=h35c10e6_0
  - ucsc-genepredtogtf=377=h35c10e6_2
  - urllib3=1.25.7=py36_0
  - wheel=0.33.6=py36_0
  - wrapt=1.11.2=py36h7b6447c_0
  - xz=5.2.4=h14c3975_4
  - yaml=0.1.7=had09818_2
  - zlib=1.2.11=h7b6447c_3
  - pip:
    - bx-python==0.8.6
    - cupcake==9.1.1
    - joblib==0.14.1
    - numpy==1.18.0
    - scikit-learn==0.22
    - scipy==1.4.1
    - sklearn==0.0

